1445594630
1445584630
0
0
0
0
0
0
0
0
0
0
0
311
12204
7947
4926
3256
2492
2118
2003
2030
2131
2225
2146
1965
1721
1465
1317
1164
1118
1175
1230
1303
1320
1328
1276
1219
1291
1334
1460
1644
1735
1758
1882
1795
1780
1765
1970
2080
2345
2458
2551
2557
2441
2299
2266
2128
1987
1869
1858
1736
1627
1551
1440
1261
1133
1079
986
905
972
925
951
955
919
931
981
945
974
971
1007
1007
1079
1128
1119
1243
1197
1323
1300
1417
1434
1428
1428
1441
1452
1432
1332
1318
1326
1313
1314
1273
1248
1211
1239
1259
1213
1164
1191
1134
1095
1164
1120
1090
1140
1083
1148
1176
1124
1051
1125
1167
1118
1178
1126
1248
1205
1182
1205
1154
1188
1285
1231
1171
1230
1252
1234
1180
1175
1238
1143
1130
1154
1104
1159
1154
1229
1244
1246
1302
1205
1217
1259
1182
1235
1250
1190
1207
1207
1155
1165
1166
1153
1052
1085
1109
1075
1062
1075
1018
1033
982
1013
1072
1004
968
1028
1066
976
1035
1036
1052
1037
1042
1007
1047
993
1008
991
972
975
1007
1003
961
1007
922
947
1028
937
968
896
916
983
953
934
925
914
948
918
931
830
900
894
925
969
925
937
928
910
949
879
912
874
873
897
914
912
879
907
872
862
863
905
861
863
884
826
872
865
881
862
817
887
866
917
864
872
882
858
814
837
847
854
861
829
836
813
840
807
805
828
843
877
843
831
857
832
825
881
847
900
809
812
842
825
881
814
866
839
844
901
881
856
869
830
902
871
905
901
914
942
880
899
910
954
907
956
952
944
966
940
911
934
986
972
993
924
982
1013
995
1028
1038
1007
1033
1030
1023
991
1002
1010
982
928
948
896
921
941
845
925
814
797
853
833
725
787
739
773
781
754
778
702
752
667
735
699
705
727
721
728
740
700
721
752
706
755
709
736
672
739
638
698
712
711
718
743
680
685
753
690
688
694
675
662
671
711
679
699
682
684
728
654
662
674
710
686
689
689
652
666
691
703
666
670
674
656
615
674
656
680
648
664
638
641
669
658
693
618
663
628
643
609
590
647
648
589
629
669
645
609
568
617
641
659
602
640
652
588
604
562
631
572
624
578
625
633
573
626
626
602
604
647
590
586
582
609
614
570
593
635
596
554
578
567
595
550
572
575
556
556
592
605
559
572
592
570
552
586
578
574
561
582
574
609
576
548
597
603
526
582
573
611
577
557
558
601
526
612
572
582
533
517
561
593
534
532
546
513
550
551
556
551
565
558
523
523
520
564
546
565
530
515
561
549
536
506
570
532
568
581
567
584
553
560
534
516
513
534
530
568
487
523
509
534
522
550
564
548
516
529
504
574
498
516
532
522
496
561
556
527
546
548
528
537
496
529
498
535
494
512
503
537
542
526
470
521
516
505
509
520
502
524
473
494
518
480
519
489
529
541
485
470
494
455
485
444
480
490
502
470
477
517
468
467
505
513
461
472
449
462
470
465
454
453
459
463
466
429
451
476
457
419
451
447
458
454
434
444
445
494
443
420
451
435
438
458
468
434
436
443
397
384
450
445
389
446
449
461
465
449
426
404
449
451
455
439
437
438
427
450
452
441
440
432
428
436
409
410
446
450
451
468
459
464
436
410
461
460
419
398
464
447
401
395
386
396
403
392
414
407
376
394
420
411
417
420
433
435
397
376
399
391
412
430
406
423
390
425
377
354
387
361
398
397
395
410
374
414
356
354
368
386
358
359
368
361
329
364
385
412
324
365
361
372
367
388
380
357
359
362
361
353
343
331
343
358
359
329
353
327
331
329
346
344
323
342
335
365
301
321
304
349
334
331
300
346
324
307
302
326
326
285
328
277
324
304
331
267
276
303
301
270
285
320
290
313
283
288
295
301
291
292
289
294
317
313
303
279
284
320
264
260
291
263
323
287
299
281
260
307
252
281
294
308
301
291
284
292
268
287
283
273
271
320
306
302
274
319
286
325
298
310
312
300
312
284
290
300
302
325
315
326
307
342
315
325
382
359
345
370
378
351
359
392
346
412
402
400
401
388
426
424
431
433
447
455
439
415
473
443
456
454
439
457
454
450
446
458
459
482
464
469
422
434
419
492
465
413
458
412
390
402
367
436
367
384
352
369
354
339
317
318
329
306
288
275
280
274
271
254
280
258
236
252
259
236
230
211
196
200
185
201
192
209
219
208
194
198
185
185
174
183
170
150
162
182
172
183
190
198
179
183
162
156
174
157
202
156
179
156
173
169
158
161
162
186
172
189
145
166
153
153
169
169
160
164
169
147
159
154
157
155
148
163
181
126
165
144
144
145
160
154
140
160
149
145
147
139
145
152
155
157
151
174
160
138
139
131
152
154
137
146
135
129
151
128
123
135
149
144
141
152
168
131
137
135
121
142
127
148
152
138
149
146
142
169
154
159
134
160
137
120
162
143
171
132
145
148
135
135
